{
 "cells": [
  {
   "cell_type": "markdown",
   "metadata": {},
   "source": [
    "# Feature analysis - Correlations and regressions\n",
    "\n",
    "This notebooks contains an analysis of the features computed for each candidate. We compare each feature to the votes obtained using different measures.\n",
    "\n",
    "- Input: Candidates twitter features\n",
    "- Output: Correlation results, linear regression results"
   ]
  },
  {
   "cell_type": "code",
   "execution_count": 1,
   "metadata": {},
   "outputs": [
    {
     "name": "stdout",
     "output_type": "stream",
     "text": [
      "Requirement already satisfied: pandas in /opt/homebrew/Caskroom/miniforge/base/lib/python3.9/site-packages (1.4.0)\n",
      "Requirement already satisfied: pyathena in /opt/homebrew/Caskroom/miniforge/base/lib/python3.9/site-packages (2.4.1)\n",
      "Requirement already satisfied: numpy in /opt/homebrew/Caskroom/miniforge/base/lib/python3.9/site-packages (1.22.1)\n",
      "Requirement already satisfied: statsmodels in /opt/homebrew/Caskroom/miniforge/base/lib/python3.9/site-packages (0.13.1)\n",
      "Requirement already satisfied: sklearn in /opt/homebrew/Caskroom/miniforge/base/lib/python3.9/site-packages (0.0)\n",
      "Requirement already satisfied: scipy in /opt/homebrew/Caskroom/miniforge/base/lib/python3.9/site-packages (1.7.3)\n",
      "Requirement already satisfied: python-dotenv in /opt/homebrew/Caskroom/miniforge/base/lib/python3.9/site-packages (0.19.2)\n",
      "Requirement already satisfied: plotly in /opt/homebrew/Caskroom/miniforge/base/lib/python3.9/site-packages (5.5.0)\n",
      "Requirement already satisfied: SQLAlchemy in /opt/homebrew/Caskroom/miniforge/base/lib/python3.9/site-packages (1.4.31)\n",
      "Requirement already satisfied: pyarrow in /opt/homebrew/Caskroom/miniforge/base/lib/python3.9/site-packages (6.0.1)\n",
      "Requirement already satisfied: kaleido in /opt/homebrew/Caskroom/miniforge/base/lib/python3.9/site-packages (0.2.1)\n",
      "Requirement already satisfied: nbformat in /opt/homebrew/Caskroom/miniforge/base/lib/python3.9/site-packages (5.1.3)\n",
      "Requirement already satisfied: matplotlib in /opt/homebrew/Caskroom/miniforge/base/lib/python3.9/site-packages (3.5.1)\n",
      "Requirement already satisfied: python-dateutil>=2.8.1 in /opt/homebrew/Caskroom/miniforge/base/lib/python3.9/site-packages (from pandas) (2.8.2)\n",
      "Requirement already satisfied: pytz>=2020.1 in /opt/homebrew/Caskroom/miniforge/base/lib/python3.9/site-packages (from pandas) (2021.3)\n",
      "Requirement already satisfied: botocore>=1.5.52 in /opt/homebrew/Caskroom/miniforge/base/lib/python3.9/site-packages (from pyathena) (1.23.41)\n",
      "Requirement already satisfied: boto3>=1.4.4 in /opt/homebrew/Caskroom/miniforge/base/lib/python3.9/site-packages (from pyathena) (1.20.41)\n",
      "Requirement already satisfied: tenacity>=4.1.0 in /opt/homebrew/Caskroom/miniforge/base/lib/python3.9/site-packages (from pyathena) (8.0.1)\n",
      "Requirement already satisfied: patsy>=0.5.2 in /opt/homebrew/Caskroom/miniforge/base/lib/python3.9/site-packages (from statsmodels) (0.5.2)\n",
      "Requirement already satisfied: scikit-learn in /opt/homebrew/Caskroom/miniforge/base/lib/python3.9/site-packages (from sklearn) (1.0.2)\n",
      "Requirement already satisfied: six in /opt/homebrew/Caskroom/miniforge/base/lib/python3.9/site-packages (from plotly) (1.16.0)\n",
      "Requirement already satisfied: ipython-genutils in /opt/homebrew/Caskroom/miniforge/base/lib/python3.9/site-packages (from nbformat) (0.2.0)\n",
      "Requirement already satisfied: jsonschema!=2.5.0,>=2.4 in /opt/homebrew/Caskroom/miniforge/base/lib/python3.9/site-packages (from nbformat) (4.4.0)\n",
      "Requirement already satisfied: jupyter-core in /opt/homebrew/Caskroom/miniforge/base/lib/python3.9/site-packages (from nbformat) (4.9.1)\n",
      "Requirement already satisfied: traitlets>=4.1 in /opt/homebrew/Caskroom/miniforge/base/lib/python3.9/site-packages (from nbformat) (5.1.1)\n",
      "Requirement already satisfied: pyparsing>=2.2.1 in /opt/homebrew/Caskroom/miniforge/base/lib/python3.9/site-packages (from matplotlib) (3.0.7)\n",
      "Requirement already satisfied: pillow>=6.2.0 in /opt/homebrew/Caskroom/miniforge/base/lib/python3.9/site-packages (from matplotlib) (9.0.0)\n",
      "Requirement already satisfied: fonttools>=4.22.0 in /opt/homebrew/Caskroom/miniforge/base/lib/python3.9/site-packages (from matplotlib) (4.28.5)\n",
      "Requirement already satisfied: kiwisolver>=1.0.1 in /opt/homebrew/Caskroom/miniforge/base/lib/python3.9/site-packages (from matplotlib) (1.3.2)\n",
      "Requirement already satisfied: cycler>=0.10 in /opt/homebrew/Caskroom/miniforge/base/lib/python3.9/site-packages (from matplotlib) (0.11.0)\n",
      "Requirement already satisfied: packaging>=20.0 in /opt/homebrew/Caskroom/miniforge/base/lib/python3.9/site-packages (from matplotlib) (21.3)\n",
      "Requirement already satisfied: jmespath<1.0.0,>=0.7.1 in /opt/homebrew/Caskroom/miniforge/base/lib/python3.9/site-packages (from boto3>=1.4.4->pyathena) (0.10.0)\n",
      "Requirement already satisfied: s3transfer<0.6.0,>=0.5.0 in /opt/homebrew/Caskroom/miniforge/base/lib/python3.9/site-packages (from boto3>=1.4.4->pyathena) (0.5.0)\n",
      "Requirement already satisfied: urllib3<1.27,>=1.25.4 in /opt/homebrew/Caskroom/miniforge/base/lib/python3.9/site-packages (from botocore>=1.5.52->pyathena) (1.26.7)\n",
      "Requirement already satisfied: attrs>=17.4.0 in /opt/homebrew/Caskroom/miniforge/base/lib/python3.9/site-packages (from jsonschema!=2.5.0,>=2.4->nbformat) (21.4.0)\n",
      "Requirement already satisfied: pyrsistent!=0.17.0,!=0.17.1,!=0.17.2,>=0.14.0 in /opt/homebrew/Caskroom/miniforge/base/lib/python3.9/site-packages (from jsonschema!=2.5.0,>=2.4->nbformat) (0.18.1)\n",
      "Requirement already satisfied: joblib>=0.11 in /opt/homebrew/Caskroom/miniforge/base/lib/python3.9/site-packages (from scikit-learn->sklearn) (1.1.0)\n",
      "Requirement already satisfied: threadpoolctl>=2.0.0 in /opt/homebrew/Caskroom/miniforge/base/lib/python3.9/site-packages (from scikit-learn->sklearn) (3.0.0)\n"
     ]
    }
   ],
   "source": [
    "!pip install pandas pyathena numpy statsmodels sklearn scipy python-dotenv plotly SQLAlchemy pyarrow kaleido nbformat matplotlib"
   ]
  },
  {
   "cell_type": "markdown",
   "metadata": {},
   "source": [
    "## Imports"
   ]
  },
  {
   "cell_type": "code",
   "execution_count": 2,
   "metadata": {},
   "outputs": [
    {
     "name": "stderr",
     "output_type": "stream",
     "text": [
      "/opt/homebrew/Caskroom/miniforge/base/lib/python3.9/site-packages/statsmodels/compat/pandas.py:65: FutureWarning: pandas.Int64Index is deprecated and will be removed from pandas in a future version. Use pandas.Index with the appropriate dtype instead.\n",
      "  from pandas import Int64Index as NumericIndex\n"
     ]
    }
   ],
   "source": [
    "import pandas as pd\n",
    "import logging\n",
    "import os\n",
    "import pyathena\n",
    "import dotenv\n",
    "import os\n",
    "import sys\n",
    "import numpy as np\n",
    "import plotly.express as px\n",
    "from itertools import permutations\n",
    "#from scipy import stats\n",
    "import statsmodels.api as sm\n",
    "from sklearn.preprocessing import StandardScaler\n",
    "import scipy\n",
    "from collections import defaultdict\n",
    "import tqdm\n",
    "from sklearn.preprocessing import PowerTransformer\n",
    "module_path = os.path.abspath(os.path.join('..'))\n",
    "if module_path not in sys.path:\n",
    "    sys.path.append(module_path)\n",
    "\n",
    "# from utils.mongodb import *"
   ]
  },
  {
   "cell_type": "code",
   "execution_count": 3,
   "metadata": {},
   "outputs": [
    {
     "name": "stderr",
     "output_type": "stream",
     "text": [
      "[2022-01-28 16:19:34,114] - botocore.credentials - load - INFO : Found credentials in environment variables.\n",
      "/opt/homebrew/Caskroom/miniforge/base/lib/python3.9/site-packages/pandas/io/sql.py:758: UserWarning: pandas only support SQLAlchemy connectable(engine/connection) ordatabase string URI or sqlite3 DBAPI2 connectionother DBAPI2 objects are not tested, please consider using SQLAlchemy\n",
      "  warnings.warn(\n"
     ]
    }
   ],
   "source": [
    "logging.basicConfig(format='[%(asctime)s] - %(name)s - %(funcName)s - %(levelname)s : %(message)s', level=logging.INFO)\n",
    "log = logging.getLogger(__name__)\n",
    "\n",
    "dotenv.load_dotenv(os.path.join(module_path, '.env'))\n",
    "\n",
    "conn = pyathena.connect(s3_staging_dir=os.environ[\"AWS_ATHENA_S3_STAGING_DIR\"], \n",
    "        region_name=os.environ[\"AWS_REGION\"])\n",
    "\n",
    "query = \"\"\"\n",
    "SELECT * FROM \"twitter-constituyente\".\"constituyentes_full\";\n",
    "\"\"\"\n",
    "candidates_df = pd.read_sql(query, conn)\n",
    "candidates_df[\"electoral_district\"] = candidates_df[\"electoral_district\"].astype(\"str\")\n",
    "candidates_ids = candidates_df[\"user__id_str\"].dropna().to_list()\n",
    "\n",
    "\n",
    "candidates_data_df = candidates_df.dropna(subset=[\"user__id_str\"]).set_index(\"user__id_str\")\n",
    "candidates_data_df[\"rm\"] = candidates_data_df[\"electoral_district\"].isin(list(map(str, range(8, 15)))).astype(\"int\")\n",
    "candidates_data_df[\"district_percentage\"] /= 100\n",
    "\n",
    "district_df = candidates_data_df[[\"electoral_district\"]]\n",
    "percentage_df = candidates_data_df[[\"district_percentage\"]]"
   ]
  },
  {
   "cell_type": "markdown",
   "metadata": {},
   "source": [
    "## Load data"
   ]
  },
  {
   "cell_type": "code",
   "execution_count": 4,
   "metadata": {},
   "outputs": [],
   "source": [
    "path = \"/Users/jose/Library/Mobile Documents/com~apple~CloudDocs/Proyectos/Memoria/code/twitterconstituyente/processing/{}.parquet\"\n",
    "\n",
    "features_df = pd.read_parquet(path.format(\"final_features\"))\n",
    "features_agg_df = pd.read_parquet(path.format(\"final_features_list_agg\"))\n",
    "features_first16_df = pd.read_parquet(path.format(\"final_features_first16weeks\"))\n",
    "features_last2_df = pd.read_parquet(path.format(\"final_features_last2weeks\"))"
   ]
  },
  {
   "cell_type": "code",
   "execution_count": 5,
   "metadata": {},
   "outputs": [],
   "source": [
    "features_types_df = pd.read_csv(\"features_types.csv\")\n",
    "\n",
    "all_cols = features_types_df[\"feature\"].to_list()"
   ]
  },
  {
   "cell_type": "code",
   "execution_count": 6,
   "metadata": {},
   "outputs": [
    {
     "data": {
      "text/html": [
       "<div>\n",
       "<style scoped>\n",
       "    .dataframe tbody tr th:only-of-type {\n",
       "        vertical-align: middle;\n",
       "    }\n",
       "\n",
       "    .dataframe tbody tr th {\n",
       "        vertical-align: top;\n",
       "    }\n",
       "\n",
       "    .dataframe thead th {\n",
       "        text-align: right;\n",
       "    }\n",
       "</style>\n",
       "<table border=\"1\" class=\"dataframe\">\n",
       "  <thead>\n",
       "    <tr style=\"text-align: right;\">\n",
       "      <th></th>\n",
       "      <th>out_degree</th>\n",
       "      <th>degree</th>\n",
       "      <th>in_degree</th>\n",
       "      <th>eigenvector_centrality</th>\n",
       "      <th>pagerank</th>\n",
       "      <th>harmonic_centrality</th>\n",
       "      <th>tweets_made</th>\n",
       "      <th>retweet_count</th>\n",
       "      <th>favorite_count</th>\n",
       "      <th>user_mentions</th>\n",
       "      <th>...</th>\n",
       "      <th>replies_made</th>\n",
       "      <th>quotes_made</th>\n",
       "      <th>videos</th>\n",
       "      <th>hashtags</th>\n",
       "      <th>pos</th>\n",
       "      <th>neg</th>\n",
       "      <th>sadness</th>\n",
       "      <th>anger</th>\n",
       "      <th>joy</th>\n",
       "      <th>district_percentage</th>\n",
       "    </tr>\n",
       "    <tr>\n",
       "      <th>user__id_str</th>\n",
       "      <th></th>\n",
       "      <th></th>\n",
       "      <th></th>\n",
       "      <th></th>\n",
       "      <th></th>\n",
       "      <th></th>\n",
       "      <th></th>\n",
       "      <th></th>\n",
       "      <th></th>\n",
       "      <th></th>\n",
       "      <th></th>\n",
       "      <th></th>\n",
       "      <th></th>\n",
       "      <th></th>\n",
       "      <th></th>\n",
       "      <th></th>\n",
       "      <th></th>\n",
       "      <th></th>\n",
       "      <th></th>\n",
       "      <th></th>\n",
       "      <th></th>\n",
       "    </tr>\n",
       "  </thead>\n",
       "  <tbody>\n",
       "    <tr>\n",
       "      <th>100366067</th>\n",
       "      <td>128.666667</td>\n",
       "      <td>170.333333</td>\n",
       "      <td>41.666667</td>\n",
       "      <td>0.007319</td>\n",
       "      <td>0.000122</td>\n",
       "      <td>31991.366673</td>\n",
       "      <td>32.555556</td>\n",
       "      <td>0.324232</td>\n",
       "      <td>0.459044</td>\n",
       "      <td>0.406143</td>\n",
       "      <td>...</td>\n",
       "      <td>0.087031</td>\n",
       "      <td>0.151877</td>\n",
       "      <td>0.001706</td>\n",
       "      <td>0.943686</td>\n",
       "      <td>0.054608</td>\n",
       "      <td>0.095563</td>\n",
       "      <td>0.018771</td>\n",
       "      <td>0.023891</td>\n",
       "      <td>0.046075</td>\n",
       "      <td>0.0480</td>\n",
       "    </tr>\n",
       "    <tr>\n",
       "      <th>1004762296932069377</th>\n",
       "      <td>110.833333</td>\n",
       "      <td>316.555556</td>\n",
       "      <td>205.722222</td>\n",
       "      <td>0.013303</td>\n",
       "      <td>0.001414</td>\n",
       "      <td>65512.586440</td>\n",
       "      <td>75.500000</td>\n",
       "      <td>1.041943</td>\n",
       "      <td>1.427520</td>\n",
       "      <td>1.394408</td>\n",
       "      <td>...</td>\n",
       "      <td>0.524650</td>\n",
       "      <td>0.074319</td>\n",
       "      <td>0.029433</td>\n",
       "      <td>0.144960</td>\n",
       "      <td>0.060338</td>\n",
       "      <td>0.286240</td>\n",
       "      <td>0.017660</td>\n",
       "      <td>0.124356</td>\n",
       "      <td>0.043414</td>\n",
       "      <td>0.0552</td>\n",
       "    </tr>\n",
       "    <tr>\n",
       "      <th>1004858015017783302</th>\n",
       "      <td>13.222222</td>\n",
       "      <td>43.055556</td>\n",
       "      <td>29.833333</td>\n",
       "      <td>0.012676</td>\n",
       "      <td>0.000065</td>\n",
       "      <td>25144.905673</td>\n",
       "      <td>4.055556</td>\n",
       "      <td>1.136986</td>\n",
       "      <td>4.287671</td>\n",
       "      <td>0.397260</td>\n",
       "      <td>...</td>\n",
       "      <td>0.109589</td>\n",
       "      <td>0.082192</td>\n",
       "      <td>0.000000</td>\n",
       "      <td>0.136986</td>\n",
       "      <td>0.191781</td>\n",
       "      <td>0.000000</td>\n",
       "      <td>0.000000</td>\n",
       "      <td>0.000000</td>\n",
       "      <td>0.095890</td>\n",
       "      <td>0.0241</td>\n",
       "    </tr>\n",
       "    <tr>\n",
       "      <th>1007614099</th>\n",
       "      <td>16.777778</td>\n",
       "      <td>19.000000</td>\n",
       "      <td>2.222222</td>\n",
       "      <td>0.000076</td>\n",
       "      <td>0.000035</td>\n",
       "      <td>3859.242295</td>\n",
       "      <td>3.888889</td>\n",
       "      <td>0.071429</td>\n",
       "      <td>0.142857</td>\n",
       "      <td>0.042857</td>\n",
       "      <td>...</td>\n",
       "      <td>0.028571</td>\n",
       "      <td>0.000000</td>\n",
       "      <td>0.000000</td>\n",
       "      <td>0.271429</td>\n",
       "      <td>0.014286</td>\n",
       "      <td>0.014286</td>\n",
       "      <td>0.000000</td>\n",
       "      <td>0.000000</td>\n",
       "      <td>0.000000</td>\n",
       "      <td>0.0072</td>\n",
       "    </tr>\n",
       "    <tr>\n",
       "      <th>101614836</th>\n",
       "      <td>151.833333</td>\n",
       "      <td>3750.777778</td>\n",
       "      <td>3598.944444</td>\n",
       "      <td>0.056503</td>\n",
       "      <td>0.008407</td>\n",
       "      <td>78382.970894</td>\n",
       "      <td>44.944444</td>\n",
       "      <td>28.030902</td>\n",
       "      <td>95.969098</td>\n",
       "      <td>0.222497</td>\n",
       "      <td>...</td>\n",
       "      <td>0.097651</td>\n",
       "      <td>0.086527</td>\n",
       "      <td>0.018541</td>\n",
       "      <td>0.055624</td>\n",
       "      <td>0.095179</td>\n",
       "      <td>0.100124</td>\n",
       "      <td>0.013597</td>\n",
       "      <td>0.024722</td>\n",
       "      <td>0.049444</td>\n",
       "      <td>0.0278</td>\n",
       "    </tr>\n",
       "  </tbody>\n",
       "</table>\n",
       "<p>5 rows × 22 columns</p>\n",
       "</div>"
      ],
      "text/plain": [
       "                     out_degree       degree    in_degree  \\\n",
       "user__id_str                                                \n",
       "100366067            128.666667   170.333333    41.666667   \n",
       "1004762296932069377  110.833333   316.555556   205.722222   \n",
       "1004858015017783302   13.222222    43.055556    29.833333   \n",
       "1007614099            16.777778    19.000000     2.222222   \n",
       "101614836            151.833333  3750.777778  3598.944444   \n",
       "\n",
       "                     eigenvector_centrality  pagerank  harmonic_centrality  \\\n",
       "user__id_str                                                                 \n",
       "100366067                          0.007319  0.000122         31991.366673   \n",
       "1004762296932069377                0.013303  0.001414         65512.586440   \n",
       "1004858015017783302                0.012676  0.000065         25144.905673   \n",
       "1007614099                         0.000076  0.000035          3859.242295   \n",
       "101614836                          0.056503  0.008407         78382.970894   \n",
       "\n",
       "                     tweets_made  retweet_count  favorite_count  \\\n",
       "user__id_str                                                      \n",
       "100366067              32.555556       0.324232        0.459044   \n",
       "1004762296932069377    75.500000       1.041943        1.427520   \n",
       "1004858015017783302     4.055556       1.136986        4.287671   \n",
       "1007614099              3.888889       0.071429        0.142857   \n",
       "101614836              44.944444      28.030902       95.969098   \n",
       "\n",
       "                     user_mentions  ...  replies_made  quotes_made    videos  \\\n",
       "user__id_str                        ...                                        \n",
       "100366067                 0.406143  ...      0.087031     0.151877  0.001706   \n",
       "1004762296932069377       1.394408  ...      0.524650     0.074319  0.029433   \n",
       "1004858015017783302       0.397260  ...      0.109589     0.082192  0.000000   \n",
       "1007614099                0.042857  ...      0.028571     0.000000  0.000000   \n",
       "101614836                 0.222497  ...      0.097651     0.086527  0.018541   \n",
       "\n",
       "                     hashtags       pos       neg   sadness     anger  \\\n",
       "user__id_str                                                            \n",
       "100366067            0.943686  0.054608  0.095563  0.018771  0.023891   \n",
       "1004762296932069377  0.144960  0.060338  0.286240  0.017660  0.124356   \n",
       "1004858015017783302  0.136986  0.191781  0.000000  0.000000  0.000000   \n",
       "1007614099           0.271429  0.014286  0.014286  0.000000  0.000000   \n",
       "101614836            0.055624  0.095179  0.100124  0.013597  0.024722   \n",
       "\n",
       "                          joy  district_percentage  \n",
       "user__id_str                                        \n",
       "100366067            0.046075               0.0480  \n",
       "1004762296932069377  0.043414               0.0552  \n",
       "1004858015017783302  0.095890               0.0241  \n",
       "1007614099           0.000000               0.0072  \n",
       "101614836            0.049444               0.0278  \n",
       "\n",
       "[5 rows x 22 columns]"
      ]
     },
     "execution_count": 6,
     "metadata": {},
     "output_type": "execute_result"
    }
   ],
   "source": [
    "def normalize_by_activity(df, normalize_cols, activity_col=\"tweets_made\"):  \n",
    "  for col in normalize_cols:\n",
    "      if (col != activity_col) and col in df.columns:\n",
    "        df[col] /= df[activity_col]\n",
    "        # if division by zero\n",
    "        df[col].replace([np.inf, -np.inf], 0, inplace=True)\n",
    "\n",
    "\n",
    "def get_base_votes(df, perc_df=percentage_df, index=\"user__id_str\"):\n",
    "  base_df = df.set_index(index)[all_cols]\n",
    "  base_df = base_df[base_df[\"tweets_made\"]>base_df[\"retweets_made\"]]\n",
    "\n",
    "  normalize_by_activity(base_df, features_types_df[\n",
    "    features_types_df[\"type\"]!=\"Network feature\"][\"feature\"].to_list())\n",
    "\n",
    "  return base_df.join(perc_df)\n",
    "\n",
    "base_votes_df = get_base_votes(features_df)\n",
    "base_votes_df.head()"
   ]
  },
  {
   "cell_type": "markdown",
   "metadata": {},
   "source": [
    "## Correlation between features"
   ]
  },
  {
   "cell_type": "code",
   "execution_count": 7,
   "metadata": {},
   "outputs": [
    {
     "data": {
      "application/vnd.plotly.v1+json": {
       "config": {
        "plotlyServerURL": "https://plot.ly"
       },
       "data": [
        {
         "coloraxis": "coloraxis",
         "hovertemplate": "x: %{x}<br>y: %{y}<br>color: %{z}<extra></extra>",
         "name": "0",
         "type": "heatmap",
         "x": [
          "out_degree",
          "degree",
          "in_degree",
          "eigenvector_centrality",
          "pagerank",
          "harmonic_centrality",
          "tweets_made",
          "retweet_count",
          "favorite_count",
          "user_mentions",
          "photos",
          "retweets_made",
          "replies_made",
          "quotes_made",
          "videos",
          "hashtags",
          "pos",
          "neg",
          "sadness",
          "anger",
          "joy"
         ],
         "xaxis": "x",
         "y": [
          "out_degree",
          "degree",
          "in_degree",
          "eigenvector_centrality",
          "pagerank",
          "harmonic_centrality",
          "tweets_made",
          "retweet_count",
          "favorite_count",
          "user_mentions",
          "photos",
          "retweets_made",
          "replies_made",
          "quotes_made",
          "videos",
          "hashtags",
          "pos",
          "neg",
          "sadness",
          "anger",
          "joy"
         ],
         "yaxis": "y",
         "z": [
          [
           1,
           0.8828666959782587,
           0.7645515164659692,
           0.7615562162317374,
           0.8095714742619358,
           0.7753401062563149,
           0.899496663439649,
           0.4537418772394102,
           0.45113584280659846,
           0.19041900911093593,
           0.1263095823000939,
           0.6092262631630122,
           0.19399057163325895,
           0.45949906752754166,
           0.12446156989852829,
           0.0760427698973997,
           0.09076410204184224,
           0.14041167515372327,
           0.3845340359569445,
           0.24913865748134426,
           0.22835444369990213
          ],
          [
           0.8828666959782587,
           1,
           0.9608104016465545,
           0.9227510201889023,
           0.9666565374242894,
           0.94018830331731,
           0.9062548280349162,
           0.7579910642438513,
           0.7438470783483319,
           0.2931286138418621,
           0.03751793993383405,
           0.36478279432715854,
           0.25278655130451083,
           0.5222942251152692,
           0.28551920911051654,
           0.012900619207288445,
           0.24809082341056246,
           0.2393108115250051,
           0.45213192494080995,
           0.3363602380309176,
           0.37397070353736117
          ],
          [
           0.7645515164659692,
           0.9608104016465545,
           1,
           0.9468219508101952,
           0.9682882326062849,
           0.9710639153655293,
           0.8401452426156321,
           0.8659049908302167,
           0.846440075520301,
           0.34186187882914676,
           0.13677805282589559,
           0.20518910915805672,
           0.277363436590705,
           0.5234364412957379,
           0.3554366102219771,
           0.08992873357306459,
           0.32604230629088227,
           0.279632277264646,
           0.4554868728704329,
           0.36051841067939494,
           0.4308491627525622
          ],
          [
           0.7615562162317374,
           0.9227510201889023,
           0.9468219508101952,
           1,
           0.9379079445551518,
           0.9580489445689654,
           0.820325274260987,
           0.8002901643179795,
           0.774193744878386,
           0.36408275578083876,
           0.09749976555733737,
           0.23352552227534146,
           0.2828021951810867,
           0.534300719084394,
           0.3186111212707527,
           0.05359961856276144,
           0.28699095369843725,
           0.28129559064347986,
           0.43025189567529176,
           0.36293782166202343,
           0.3859981676504306
          ],
          [
           0.8095714742619358,
           0.9666565374242894,
           0.9682882326062849,
           0.9379079445551518,
           1,
           0.9499343954041949,
           0.8694921887589332,
           0.8000633760929344,
           0.7903397513567175,
           0.3290796193036821,
           0.11834839871802534,
           0.26790017001836236,
           0.25721394929469005,
           0.5260600483812915,
           0.3502575745010516,
           0.07228811810534133,
           0.3009424269238969,
           0.26266378382921085,
           0.4626442926186047,
           0.34377103205265314,
           0.4171894292839178
          ],
          [
           0.7753401062563149,
           0.94018830331731,
           0.9710639153655293,
           0.9580489445689654,
           0.9499343954041949,
           1,
           0.8586715850554448,
           0.8057662005687096,
           0.7866514973053699,
           0.361821468587003,
           0.13409003197570193,
           0.19743045472769605,
           0.2868521281687145,
           0.5307388230333931,
           0.3489527870968053,
           0.08141998168103835,
           0.3254961857245988,
           0.26741797011857044,
           0.4612150696960678,
           0.34507092112750926,
           0.4177121163760324
          ],
          [
           0.899496663439649,
           0.9062548280349162,
           0.8401452426156321,
           0.820325274260987,
           0.8694921887589332,
           0.8586715850554448,
           1,
           0.5110041976048499,
           0.5146679480584679,
           0.2731494375538242,
           0.01689757974089319,
           0.28874893319064515,
           0.2772055756823561,
           0.4770951893519045,
           0.25956735811038817,
           0.02733455430087512,
           0.23257705958340216,
           0.1857153132210811,
           0.47787374150422013,
           0.2730690976193929,
           0.3538349928195156
          ],
          [
           0.4537418772394102,
           0.7579910642438513,
           0.8659049908302167,
           0.8002901643179795,
           0.8000633760929344,
           0.8057662005687096,
           0.5110041976048499,
           1,
           0.9413688024127709,
           0.2967368997528789,
           0.24947740368992546,
           0.04463436986993107,
           0.17678407187358558,
           0.4145993559932954,
           0.36802786285743283,
           0.13548275360377987,
           0.3394844715053048,
           0.2572625854457899,
           0.3133105813791292,
           0.3101870467640568,
           0.4116786238692266
          ],
          [
           0.45113584280659846,
           0.7438470783483319,
           0.846440075520301,
           0.774193744878386,
           0.7903397513567175,
           0.7866514973053699,
           0.5146679480584679,
           0.9413688024127709,
           1,
           0.32858797224844044,
           0.23191393499964646,
           0.018585165747998032,
           0.25834129374716425,
           0.4168417568901679,
           0.36449108306542766,
           0.08625806458851665,
           0.40275583446829094,
           0.25454242154447637,
           0.3388463797463505,
           0.2908569193382766,
           0.4726137716873816
          ],
          [
           0.19041900911093593,
           0.2931286138418621,
           0.34186187882914676,
           0.36408275578083876,
           0.3290796193036821,
           0.361821468587003,
           0.2731494375538242,
           0.2967368997528789,
           0.32858797224844044,
           1,
           0.04898748898515183,
           0.16432766454481618,
           0.6742971446589457,
           0.27096309143290176,
           0.07549715083193957,
           0.04354265344025016,
           0.2905463294048868,
           0.3316181118035268,
           0.28442764436732276,
           0.30737842194099585,
           0.32813261967406826
          ],
          [
           0.1263095823000939,
           0.03751793993383405,
           0.13677805282589559,
           0.09749976555733737,
           0.11834839871802534,
           0.13409003197570193,
           0.01689757974089319,
           0.24947740368992546,
           0.23191393499964646,
           0.04898748898515183,
           1,
           0.3164578191967927,
           0.18294402168446466,
           0.01963303011033414,
           0.5004018803367204,
           0.49407951533804506,
           0.3196637915311026,
           0.10307863870429831,
           0.07038525351103796,
           0.05960418254860186,
           0.27830843829134916
          ],
          [
           0.6092262631630122,
           0.36478279432715854,
           0.20518910915805672,
           0.23352552227534146,
           0.26790017001836236,
           0.19743045472769605,
           0.28874893319064515,
           0.04463436986993107,
           0.018585165747998032,
           0.16432766454481618,
           0.3164578191967927,
           1,
           0.1509431032699217,
           0.12523320739094898,
           0.14212711184908702,
           0.19279068243422925,
           0.2911229136827774,
           0.07127802723782796,
           0.0006889154638005957,
           0.027579778294451185,
           0.1402477175832131
          ],
          [
           0.19399057163325895,
           0.25278655130451083,
           0.277363436590705,
           0.2828021951810867,
           0.25721394929469005,
           0.2868521281687145,
           0.2772055756823561,
           0.17678407187358558,
           0.25834129374716425,
           0.6742971446589457,
           0.18294402168446466,
           0.1509431032699217,
           1,
           0.1452624292493817,
           0.06649550029530177,
           0.1788291322950417,
           0.27720135552580655,
           0.3837066367575524,
           0.3386233970337971,
           0.31977166839127513,
           0.27800836160222125
          ],
          [
           0.45949906752754166,
           0.5222942251152692,
           0.5234364412957379,
           0.534300719084394,
           0.5260600483812915,
           0.5307388230333931,
           0.4770951893519045,
           0.4145993559932954,
           0.4168417568901679,
           0.27096309143290176,
           0.01963303011033414,
           0.12523320739094898,
           0.1452624292493817,
           1,
           0.14917535931380527,
           0.13547313795107982,
           0.16187468918745626,
           0.39912649414635215,
           0.3459689444000667,
           0.39780864974685015,
           0.23371824444512954
          ],
          [
           0.12446156989852829,
           0.28551920911051654,
           0.3554366102219771,
           0.3186111212707527,
           0.3502575745010516,
           0.3489527870968053,
           0.25956735811038817,
           0.36802786285743283,
           0.36449108306542766,
           0.07549715083193957,
           0.5004018803367204,
           0.14212711184908702,
           0.06649550029530177,
           0.14917535931380527,
           1,
           0.4246753624044176,
           0.3354189418142961,
           0.024798066199128267,
           0.1856995635323788,
           0.032677435808440985,
           0.3246860945042497
          ],
          [
           0.0760427698973997,
           0.012900619207288445,
           0.08992873357306459,
           0.05359961856276144,
           0.07228811810534133,
           0.08141998168103835,
           0.02733455430087512,
           0.13548275360377987,
           0.08625806458851665,
           0.04354265344025016,
           0.49407951533804506,
           0.19279068243422925,
           0.1788291322950417,
           0.13547313795107982,
           0.4246753624044176,
           1,
           0.13589926550543496,
           0.09429428522374911,
           0.050811315008246906,
           0.06133704831136878,
           0.16908729404611647
          ],
          [
           0.09076410204184224,
           0.24809082341056246,
           0.32604230629088227,
           0.28699095369843725,
           0.3009424269238969,
           0.3254961857245988,
           0.23257705958340216,
           0.3394844715053048,
           0.40275583446829094,
           0.2905463294048868,
           0.3196637915311026,
           0.2911229136827774,
           0.27720135552580655,
           0.16187468918745626,
           0.3354189418142961,
           0.13589926550543496,
           1,
           0.11197766805224992,
           0.22694694727432863,
           0.06880500386763805,
           0.7734288870945584
          ],
          [
           0.14041167515372327,
           0.2393108115250051,
           0.279632277264646,
           0.28129559064347986,
           0.26266378382921085,
           0.26741797011857044,
           0.1857153132210811,
           0.2572625854457899,
           0.25454242154447637,
           0.3316181118035268,
           0.10307863870429831,
           0.07127802723782796,
           0.3837066367575524,
           0.39912649414635215,
           0.024798066199128267,
           0.09429428522374911,
           0.11197766805224992,
           1,
           0.36405182543541625,
           0.7671280153627773,
           0.008269782197397064
          ],
          [
           0.3845340359569445,
           0.45213192494080995,
           0.4554868728704329,
           0.43025189567529176,
           0.4626442926186047,
           0.4612150696960678,
           0.47787374150422013,
           0.3133105813791292,
           0.3388463797463505,
           0.28442764436732276,
           0.07038525351103796,
           0.0006889154638005957,
           0.3386233970337971,
           0.3459689444000667,
           0.1856995635323788,
           0.050811315008246906,
           0.22694694727432863,
           0.36405182543541625,
           1,
           0.26663878533424673,
           0.27417316060923436
          ],
          [
           0.24913865748134426,
           0.3363602380309176,
           0.36051841067939494,
           0.36293782166202343,
           0.34377103205265314,
           0.34507092112750926,
           0.2730690976193929,
           0.3101870467640568,
           0.2908569193382766,
           0.30737842194099585,
           0.05960418254860186,
           0.027579778294451185,
           0.31977166839127513,
           0.39780864974685015,
           0.032677435808440985,
           0.06133704831136878,
           0.06880500386763805,
           0.7671280153627773,
           0.26663878533424673,
           1,
           0.031744248912060326
          ],
          [
           0.22835444369990213,
           0.37397070353736117,
           0.4308491627525622,
           0.3859981676504306,
           0.4171894292839178,
           0.4177121163760324,
           0.3538349928195156,
           0.4116786238692266,
           0.4726137716873816,
           0.32813261967406826,
           0.27830843829134916,
           0.1402477175832131,
           0.27800836160222125,
           0.23371824444512954,
           0.3246860945042497,
           0.16908729404611647,
           0.7734288870945584,
           0.008269782197397064,
           0.27417316060923436,
           0.031744248912060326,
           1
          ]
         ]
        }
       ],
       "layout": {
        "coloraxis": {
         "colorscale": [
          [
           0,
           "#0d0887"
          ],
          [
           0.1111111111111111,
           "#46039f"
          ],
          [
           0.2222222222222222,
           "#7201a8"
          ],
          [
           0.3333333333333333,
           "#9c179e"
          ],
          [
           0.4444444444444444,
           "#bd3786"
          ],
          [
           0.5555555555555556,
           "#d8576b"
          ],
          [
           0.6666666666666666,
           "#ed7953"
          ],
          [
           0.7777777777777778,
           "#fb9f3a"
          ],
          [
           0.8888888888888888,
           "#fdca26"
          ],
          [
           1,
           "#f0f921"
          ]
         ]
        },
        "height": 800,
        "template": {
         "data": {
          "bar": [
           {
            "error_x": {
             "color": "#2a3f5f"
            },
            "error_y": {
             "color": "#2a3f5f"
            },
            "marker": {
             "line": {
              "color": "#E5ECF6",
              "width": 0.5
             },
             "pattern": {
              "fillmode": "overlay",
              "size": 10,
              "solidity": 0.2
             }
            },
            "type": "bar"
           }
          ],
          "barpolar": [
           {
            "marker": {
             "line": {
              "color": "#E5ECF6",
              "width": 0.5
             },
             "pattern": {
              "fillmode": "overlay",
              "size": 10,
              "solidity": 0.2
             }
            },
            "type": "barpolar"
           }
          ],
          "carpet": [
           {
            "aaxis": {
             "endlinecolor": "#2a3f5f",
             "gridcolor": "white",
             "linecolor": "white",
             "minorgridcolor": "white",
             "startlinecolor": "#2a3f5f"
            },
            "baxis": {
             "endlinecolor": "#2a3f5f",
             "gridcolor": "white",
             "linecolor": "white",
             "minorgridcolor": "white",
             "startlinecolor": "#2a3f5f"
            },
            "type": "carpet"
           }
          ],
          "choropleth": [
           {
            "colorbar": {
             "outlinewidth": 0,
             "ticks": ""
            },
            "type": "choropleth"
           }
          ],
          "contour": [
           {
            "colorbar": {
             "outlinewidth": 0,
             "ticks": ""
            },
